%YAML:1.0
---
myHogDector3: !!opencv-object-detector-hog
   winSize: [ 64, 128 ]
   blockSize: [ 16, 16 ]
   blockStride: [ 8, 8 ]
   cellSize: [ 8, 8 ]
   nbins: 9
   derivAperture: 1
   winSigma: 4.
   histogramNormType: 0
   L2HysThreshold: 2.0000000000000001e-01
   gammaCorrection: 1
   nlevels: 64
   signedGradient: 0
   SVMDetector: [ 2.68760845e-02, -1.33736758e-02, -7.06584367e-04,
       2.70942468e-02, 1.72969289e-02, -3.50244157e-03, -2.96350624e-02,
       -1.75848212e-02, 4.14123423e-02, 2.09830441e-02, -1.13196773e-02,
       -5.70176309e-03, -1.19668311e-02, -2.42878515e-02, 8.13729316e-03,
       -1.24168419e-03, 2.67408583e-02, 2.90966649e-02, 4.04600054e-02,
       -1.98836941e-02, 6.71512447e-03, 2.15261597e-02, 6.99873734e-03,
       -1.01618636e-02, -4.33939211e-02, -2.54711807e-02, 8.39925837e-03,
       4.31265533e-02, -1.93532091e-03, 2.17442960e-02, 3.10713978e-04,
       -2.87379827e-02, 1.29928757e-02, -3.53588462e-02, 1.02568036e-02,
       2.71768179e-02, 4.07349289e-05, -1.99391376e-02, 7.76455039e-03,
       -5.75530063e-03, -4.16632276e-03, -1.45959444e-02,
       -8.24281666e-03, 2.21711323e-02, 2.51536816e-02, -3.68199940e-03,
       -1.41478898e-02, 2.59465482e-02, 1.93198733e-02, 1.91369262e-02,
       5.24864206e-03, 1.68769024e-02, 2.03562547e-02, -5.87158604e-03,
       1.55912098e-02, -3.74274165e-03, -8.42278451e-03, 8.34123418e-03,
       1.16775110e-02, 2.59473342e-02, -2.51438972e-02, 3.84462881e-03,
       2.74914335e-02, -1.62551366e-02, -9.12175793e-03, -3.02282851e-02,
       -4.29864228e-03, 9.75805707e-03, 1.80720426e-02, -1.64459106e-02,
       -1.07183843e-03, 6.82472764e-03, -5.35088358e-03, -2.00333837e-02,
       -2.38817796e-04, 4.80791088e-03, 3.76125686e-02, 3.15675624e-02,
       1.29911788e-02, 2.17430666e-02, -1.16158286e-02, 6.54502213e-03,
       -3.16998595e-03, 4.03171219e-03, -2.35279812e-03, -8.77868943e-03,
       2.15533655e-03, -1.06184203e-02, 3.49584557e-02, 1.93302818e-02,
       -2.11354420e-02, -1.59383751e-04, -8.58492870e-03, 4.58443165e-03,
       2.15224531e-02, 1.52943581e-02, 7.25506432e-03, 2.72146203e-02,
       -1.16347093e-02, -1.62772294e-02, -1.94330346e-02,
       -3.03929653e-02, -2.57489905e-02, -6.46650558e-03, 1.14349760e-02,
       -5.45215001e-03, 3.56405079e-02, -1.48957055e-02, -1.38539111e-03,
       1.67099983e-02, -8.96910578e-03, -1.46657489e-02, -3.41372490e-02,
       -3.42569407e-03, -1.15306443e-02, -6.11064024e-04,
       -4.55812039e-03, 8.79407208e-03, 2.17968617e-02, -1.00131761e-02,
       -5.56896953e-03, -4.05286811e-03, 2.02059327e-03, 2.76059322e-02,
       -2.01408267e-02, -2.73260418e-02, -2.15016715e-02, 2.11608149e-02,
       2.46834871e-03, -8.65754485e-03, -4.21693698e-02, 2.16146316e-02,
       1.66008819e-03, 2.34939735e-02, 2.80552637e-03, -3.86116318e-02,
       1.25836246e-02, 1.57483772e-03, -1.23829243e-03, -1.33819124e-02,
       -9.39379167e-03, -5.45611465e-03, -2.20320728e-02,
       -1.93223730e-02, -6.57993089e-03, 3.25430147e-02, -3.38681638e-02,
       -6.56111119e-03, -7.38498149e-03, -1.26705719e-02, 1.23079568e-02,
       1.54205654e-02, -1.76395178e-02, -1.40797608e-02, -3.69392894e-02,
       -6.54164851e-02, 2.55521591e-04, 3.73842865e-02, -2.05626301e-02,
       -2.79169362e-02, 1.15439817e-02, -7.89421611e-03, 1.59486802e-03,
       4.38518412e-02, -3.25954170e-03, -2.96690431e-03, 2.44689938e-02,
       -8.15975852e-03, 3.07878219e-02, 2.72097439e-02, -4.92645707e-03,
       -2.49135718e-02, -5.95180131e-03, -3.03669181e-02,
       -1.17912712e-02, 1.17916586e-02, 7.07686413e-04, -9.64787207e-04,
       -7.35249743e-03, -3.05963047e-02, -1.66954771e-02,
       -4.49850895e-02, -5.86272962e-02, 1.67517811e-02, 3.29257920e-02,
       -3.32698971e-03, -9.84945893e-03, 2.76878104e-02, 4.08539595e-03,
       -1.77513575e-03, -3.81039269e-02, -1.54752638e-02, 1.07710641e-02,
       -1.19612487e-02, -3.21950838e-02, -1.28959166e-02,
       -1.77857522e-02, -9.64974239e-03, 1.15238642e-02, -2.45545874e-03,
       -2.01899633e-02, 2.40068417e-02, 6.79840287e-03, 9.70623735e-03,
       -2.22939290e-02, 3.08156051e-02, -1.74311921e-02, -1.83512717e-02,
       1.52045423e-02, -6.30943058e-03, 4.24897112e-03, -1.18160127e-02,
       -2.72022113e-02, -9.13174264e-03, -2.02812091e-03,
       -3.04572447e-03, -9.97758284e-03, -1.25261387e-02,
       -8.21841473e-04, 4.50542867e-02, -1.35657389e-03, 3.55523103e-03,
       -1.41792512e-03, -5.08004008e-03, 1.52735589e-02, -9.70146060e-03,
       -1.86822731e-02, -1.39790419e-02, 1.35495663e-02, -2.61973310e-02,
       -3.20265128e-04, -1.99476294e-02, 1.26571441e-02, 1.48093263e-02,
       -1.38450721e-02, -3.21754394e-03, -1.01648225e-02, 1.96820833e-02,
       8.72641522e-03, 2.82730628e-02, 2.47236323e-02, 1.13625545e-02,
       1.08277407e-02, -1.29107386e-02, -2.24100295e-02, 1.54321706e-02,
       -9.98484530e-03, 1.30771128e-02, 4.45524231e-03, -3.12129632e-02,
       1.21075148e-03, 1.91991199e-02, -7.05101108e-03, -3.13999713e-03,
       -1.86714567e-02, -5.27361699e-04, 7.25743966e-03, 5.13940258e-03,
       -9.71083902e-03, 3.07898428e-02, -3.80370067e-03, -6.23028120e-03,
       -1.04455072e-02, 5.84331527e-03, 6.20727520e-03, -9.00100742e-04,
       2.39265002e-02, 1.18204858e-02, 1.86986476e-02, -4.91073215e-03,
       6.14953740e-03, -5.57538169e-03, -1.99757069e-02, 5.66319097e-03,
       2.96986904e-02, 8.17568507e-03, -6.96877018e-03, 2.78344732e-02,
       2.92223860e-02, -2.42513772e-02, -7.88258202e-03, -1.15633588e-02,
       -9.39727295e-03, 7.13785645e-03, -1.30139291e-02, 3.22189461e-03,
       1.86820570e-02, -1.36064123e-02, -2.65595224e-02, -6.16003945e-03,
       4.24327999e-02, 4.91928197e-02, -2.11103782e-02, 2.73052864e-02,
       3.29678506e-02, 2.08337959e-02, 1.88288204e-02, -2.22353991e-02,
       -1.09806433e-02, 7.58151943e-03, 2.97874995e-02, -2.20720861e-02,
       -8.87296349e-03, 6.59039617e-03, 4.07718075e-03, -6.39699260e-03,
       -1.14614191e-02, 3.13377450e-03, 2.09238548e-02, -2.27746158e-03,
       -1.95463095e-02, 9.75348242e-03, 2.07293648e-02, 3.78817022e-02,
       2.95519102e-02, -1.26333116e-02, -1.88835468e-02, 9.23026074e-03,
       6.38121692e-03, 4.86495905e-04, 5.97658614e-03, -1.81966126e-02,
       -2.02410668e-02, -3.73709411e-03, -1.23395976e-02,
       -5.48688695e-03, -1.82601307e-02, 1.03731053e-02, -1.01436246e-02,
       5.05819800e-04, -1.21237077e-02, -1.02436841e-02, 2.80818865e-02,
       -1.42258648e-02, -3.16819362e-02, -5.59963509e-02,
       -1.41593367e-02, -2.13986452e-04, 3.39016831e-03, -3.70990764e-03,
       -3.31771076e-02, 1.09776040e-03, 2.01901328e-02, 3.65188383e-02,
       2.13076640e-02, 1.89540125e-02, 1.02094980e-02, 1.77112594e-02,
       -6.32705493e-03, 1.66764390e-03, 9.71517246e-03, 1.02816969e-02,
       1.30505851e-02, -2.37697326e-02, 3.32138725e-02, 1.57521032e-02,
       6.83982018e-03, -1.27625801e-02, 1.56060455e-03, 1.66220926e-02,
       -1.59262829e-02, -1.23522046e-03, -1.36101823e-02, 1.05299726e-02,
       1.80665182e-03, -2.60887388e-03, -4.49525611e-03, -1.62646975e-02,
       -1.28918411e-02, -3.25335711e-02, 2.55908864e-03, 3.48325074e-03,
       -7.36015756e-03, -4.17871252e-02, -1.30768726e-02,
       -2.47767959e-02, -1.02293631e-02, -2.79006325e-02, 1.23036522e-02,
       -1.66607229e-03, 1.87728070e-02, 2.19158605e-02, 2.33187377e-02,
       2.27231183e-03, -5.59614925e-03, 2.07281914e-02, 7.37704663e-03,
       -1.16460826e-02, -1.65971760e-02, -6.42206706e-03, 2.16838978e-02,
       1.99013893e-02, -8.39235820e-03, 1.24012213e-02, 1.19832559e-02,
       -9.19596106e-03, -1.99934468e-02, -8.66774097e-03,
       -4.53335745e-03, 2.45187040e-02, -8.05368088e-03, 1.41541064e-02,
       -9.06341895e-03, 1.54761877e-02, 3.11382134e-02, -1.69916567e-03,
       -2.55546998e-03, -5.43803908e-03, 5.90734603e-03, -7.32599339e-03,
       -4.47258959e-03, -9.23947804e-03, 4.67690686e-03, 3.02546360e-02,
